# Vowels
(1 2 3    ) A
(1 2   4 5) AR
(  2 3) AH
(  2      ) AY
(    3 4 5) E
(  2 3 4 5) EE
(  2 3   5) EER
(1 2      ) EH
(    3   5) ERE
(      4 5) I
(1        ) IE
(1   3 4 5) IR
(1 2 3 4 5) OH
(      4  ) OI
(1 2 3 4  ) OO
(    3 4  ) OU
(        5) OW
(1 2 3   5) ORE

# Consonants
(  7        11) B
(    8   10   ) CH
(  7   9    11) D
(6     9 10   ) F
(6       10 11) G
(  7     10 11) H
(  7   9      ) J
(6 7        11) K
(  7     10   ) L
(      9    11) M
(    8 9    11) N
(6 7 8 9 10 11) NG
(6       10   ) P
(6 7     10   ) R
(6 7   9 10   ) S
(6   8 9 10 11) SH
(6   8   10   ) T
(6 7 8   10   ) TH
(  7   9 10 11) TH
(  7 8      11) V
(6   8        ) W
(  7 8   10   ) Y
(  7 8   10 11) Z
(6 7 8 9    11) ZH